# Set P of 698 distinct primes such that
#   sum_{p in P} 1/(p-1) = 3
# Primes are listed one per line, in increasing order.
# Total count: 698
# Largest prime has 68 decimal digits.
#
2
3
5
7
11
13
17
19
23
29
31
37
41
43
47
53
59
61
67
71
73
79
83
89
97
101
103
107
109
113
127
131
137
139
149
151
157
163
167
173
179
181
191
193
197
199
211
223
227
229
233
239
241
251
257
263
269
271
277
281
283
293
307
311
313
317
331
337
347
349
353
367
373
379
389
397
401
409
419
421
431
433
439
443
449
457
461
463
467
479
487
491
499
503
509
521
523
541
547
563
569
571
577
593
599
601
607
613
617
619
631
641
647
653
659
661
673
677
683
691
701
709
727
733
751
757
761
769
773
787
809
811
821
823
827
829
853
859
863
877
881
883
911
937
941
953
967
977
991
997
1009
1013
1021
1031
1033
1039
1051
1061
1063
1069
1093
1103
1109
1117
1123
1153
1171
1201
1213
1223
1277
1301
1303
1321
1327
1381
1409
1423
1427
1429
1447
1453
1471
1483
1489
1493
1499
1523
1531
1549
1597
1613
1657
1669
1741
1787
1847
1861
1913
2087
2143
2161
2213
2269
2383
2657
2887
2917
3001
3011
3037
3049
3061
3217
3221
3257
3301
3329
3433
3461
3613
3631
4057
4219
4243
4561
4583
4621
5023
5171
5281
5791
6029
6361
6451
6553
6791
7177
7213
7307
7309
7393
7489
8009
8191
8293
8513
8527
8737
8747
9241
9397
9619
9829
9833
9967
10333
10837
11257
11317
11369
11593
11731
11971
12503
12541
12973
13693
14653
15061
15077
15121
15601
17191
17257
18859
19559
20929
21001
21313
21841
22541
23801
24571
25537
26573
27031
27337
27361
27509
27611
27941
28573
28687
29581
30241
30713
30781
33331
34361
35569
35729
35911
38431
38501
40357
40471
40897
41341
43093
43201
43591
43891
43913
45361
45541
46061
46261
46649
46817
47221
47501
48481
48623
49757
51481
51787
53593
54721
57191
60589
62401
64601
69001
71527
74257
74897
78121
84871
86131
86269
87697
87721
91909
95401
95531
96097
99251
111301
112337
115237
115597
119533
122167
122201
126127
128969
129037
136751
138241
141121
141511
143401
147391
148193
148249
148501
148537
149689
158563
160553
160817
169777
175393
182209
182701
184553
187273
191137
204161
205633
206879
212161
230203
233071
235621
238171
241363
253951
285553
291271
295831
312121
318781
352111
355777
358051
388081
393401
408337
431173
442201
469801
514361
531481
535151
566161
585289
592621
592649
656303
735557
771181
850081
852151
854881
858691
873083
888161
948533
1016009
1050281
1083601
1145537
1161001
1259569
1378387
1443331
1449911
1532077
1607563
1669537
1689253
2170477
2216761
2437777
2588893
2660743
2711017
2961037
3141601
3247889
3287761
3341801
3857267
3994453
4190299
4484521
4495921
5022187
5267809
5280661
5349541
5368897
6083551
6252091
6663511
7794053
9011521
9116461
10182793
10927219
11376289
11719909
12071401
13215151
13490023
15225607
15809977
17746241
17907121
17912641
18055753
18708553
19927741
20164321
20762741
22730423
23347141
24157249
24362521
25025953
26106001
26286121
27046501
27176689
28090217
29480881
31267081
32270701
36895951
38286901
38748293
39156391
41441401
44176303
45198721
45359497
48232801
49793921
50212537
50993911
55235953
56421679
57295577
57809641
60163723
63292753
64266049
66766001
66766003
69700513
70346413
74490193
75440641
77159941
78036421
81164593
81709489
83252401
84383521
86236921
86369141
87604441
88366657
89779201
99465913
110270161
124786351
127267141
154876801
170069761
182424089
215379361
257862601
338834161
350513281
383308801
410529601
410669953
434611633
488924801
500369563
568695301
612711049
634888801
635072257
679026241
702942241
758107351
915579649
928058041
937534951
1002508417
1014613627
1032238621
1331343301
1360985809
1399316689
1538755681
1576183001
1679998321
1710102241
2181262777
2635779961
2774919181
2943823177
3020108141
3048925441
3280537261
4455001409
4803707197
4960085761
5063167873
5198569741
5872130881
5872130969
6009505417
6904050301
10149788881
10209835351
10333770043
10797286501
10797286561
11161946881
12116104001
12760786501
13237824601
13416541441
15724689751
16519189721
25983381601
29329692001
29986306351
32591341441
33649106401
36773856001
41857726681
43252197913
47369285701
57703669057
62018326891
64650058201
72228162709
73850682907
95036256001
97611711121
122126558401
136584540751
199452052801
211103951059
378500472901
379233272903
381135216281
418497580513
509061029401
558527560081
619717670881
857471297021
866370341761
914446368001
960755315521
1130849480377
1131818340001
1737449313601
1773666899551
1921084624369
2068830891601
2160182586277
2687043799441
3129142927681
4785814135961
5155425376201
5279507976439
5423853507619
6226838968351
7665839901721
11649868454449
13444977464101
14392608595201
16299462764071
17508646288981
21554547852641
22712016077011
23485072010401
24315502131667
25025423241001
26488791765001
29589485216761
38636497785601
41597024024557
55638443036881
56744744706721
74551977415441
78799308311791
83773779060841
115852945506481
137190942749953
144103926046081
154993946627521
161690878308961
182578850170081
229102600082929
336561088893121
369223163463001
450961438287361
472627001476081
648388370764801
923515304342401
1108016991981901
1354671071994241
1634973210838801
2228849444766041
2434234499424001
2582509885242211
4530319870478761
4669773162072481
7821141644398591
19532705339609551
20312843522811841
39593876295573601
60848984619561601
376189112166883471
391840018052239681
640988962554686761
1046929433596981741
1943023273515324137
5059846879147515841
59451937114932200749
6537176148528167068081
22684600864416145410001
3345505384246052801095489
32846869106367561720086977
124194246185844890969313666001
304056268575620488674968204761
679669518019390850324164423501
27759848833986807674909029581324037
21405811313494409045983653494328316787629317190709732873740497324001
