# Set P_+ of 1963 distinct primes such that
#   sum_{p in P_+} 1/(p+1) = 2
# Primes are listed one per line, in increasing order.
# Total count: 1963
# Largest prime has 181 decimal digits.
#
2
3
5
7
11
13
17
19
23
29
31
37
41
43
47
53
59
61
67
71
73
79
83
89
97
101
103
107
109
113
127
131
137
139
149
151
163
167
173
179
181
191
193
197
199
211
223
227
229
233
239
241
251
257
263
269
271
277
281
283
293
307
311
313
317
331
337
347
349
353
359
367
373
379
383
389
397
401
409
419
421
431
433
439
443
449
457
461
463
467
479
487
491
499
503
509
521
523
541
547
557
563
569
571
577
587
593
599
601
607
613
617
619
631
641
643
647
653
659
661
673
683
691
701
709
719
727
733
739
743
751
757
761
769
773
797
809
811
821
823
827
829
839
853
857
859
863
877
881
883
887
907
911
919
929
937
941
947
953
967
971
977
983
991
1009
1013
1019
1021
1031
1033
1039
1049
1051
1061
1063
1069
1087
1091
1093
1097
1103
1109
1117
1129
1151
1153
1163
1171
1181
1187
1193
1201
1213
1217
1223
1229
1231
1249
1259
1277
1279
1283
1289
1291
1297
1301
1303
1307
1319
1321
1367
1373
1381
1399
1409
1423
1427
1429
1439
1447
1451
1453
1459
1471
1481
1483
1487
1489
1493
1499
1511
1523
1531
1543
1549
1553
1559
1567
1579
1583
1597
1601
1607
1609
1613
1619
1627
1637
1663
1667
1669
1693
1697
1699
1709
1721
1723
1733
1741
1747
1759
1777
1787
1789
1801
1811
1823
1847
1867
1871
1879
1889
1913
1931
1949
1973
1979
1999
2011
2027
2039
2053
2063
2069
2087
2089
2099
2111
2113
2129
2141
2179
2207
2213
2221
2243
2267
2287
2309
2339
2351
2357
2377
2389
2393
2399
2411
2417
2441
2447
2467
2551
2591
2593
2609
2617
2621
2657
2659
2671
2683
2687
2689
2699
2729
2741
2749
2753
2767
2777
2789
2819
2833
2857
2861
2897
2939
2963
2969
2999
3019
3023
3041
3067
3079
3083
3137
3191
3203
3251
3257
3299
3329
3373
3389
3391
3449
3457
3463
3467
3491
3499
3527
3541
3557
3617
3623
3671
3673
3697
3727
3739
3779
3797
3863
3967
3989
4003
4019
4027
4049
4073
4127
4157
4217
4229
4339
4349
4373
4391
4409
4423
4447
4483
4493
4517
4549
4591
4603
4643
4733
4751
4759
4793
4799
4831
4861
4943
5021
5119
5167
5209
5279
5303
5309
5381
5399
5417
5477
5479
5507
5519
5527
5569
5639
5641
5807
5813
5923
5939
6029
6079
6089
6143
6709
6791
6863
6959
7121
7159
7253
7369
7559
7573
7583
7589
7591
7607
7643
7649
7753
7789
7829
7919
7949
7951
8087
8117
8171
8243
8363
8819
8831
8839
8861
9029
9173
9293
9323
9391
9613
9623
9629
9649
9767
10069
10559
10607
10691
10709
10799
10831
11087
11159
11161
11399
11579
12263
12527
12659
13001
13523
13537
14143
14321
14387
14591
15287
15413
15679
16127
16319
16631
16829
17359
17539
17807
18413
18539
18839
19069
19259
19889
19949
19963
20063
20663
20747
20789
21059
21839
23057
23071
23099
23399
23627
23789
23813
23819
24023
24043
24049
24443
24659
24799
25409
25577
26459
26783
26879
27479
27647
27691
28081
28151
28499
28537
28979
29399
30029
30631
30911
31793
32003
32189
32911
33479
33599
33829
34019
34031
35407
35461
35839
35869
36067
36191
36209
36629
36671
37003
37253
37799
38261
38303
38317
38447
38501
39023
39079
39239
39323
39779
39827
39847
40213
40583
40739
41183
41411
41521
42179
42197
42223
42967
43319
44351
44927
45119
45137
46619
47837
48197
48649
50231
50287
51071
51197
51659
51971
52103
53609
54869
55691
57349
59069
59263
59999
60257
61099
61379
61511
65239
65789
66221
67409
67499
69371
69691
69767
71039
71963
71983
72953
74159
75329
77929
78007
78479
80369
80527
83093
86981
86993
87583
87719
88079
88093
88523
88747
90803
92111
92551
93983
94709
95479
95527
96329
98009
98207
100907
101273
102101
102407
103619
103643
104089
104327
104831
108863
108869
110879
112097
112199
115679
115781
117259
117809
119237
120223
120427
121333
124781
125509
125551
129361
131939
132887
135059
135173
137567
138319
138863
140171
140759
140909
141359
141959
143141
145349
147263
149099
150497
151247
152879
153269
154079
160967
164729
165617
169259
170689
172709
174649
177239
179357
179519
179563
180179
180563
182489
183581
183809
184043
184199
186479
188999
189599
190891
191861
196247
200789
205559
206039
207569
212981
213079
214451
218459
219119
222991
224699
235439
236429
239069
241979
247259
250799
250951
251323
253469
257069
261959
266239
275183
275227
275263
277829
278627
278639
282493
284681
286859
290959
291869
293599
304303
304739
305369
309269
309539
313727
314159
314189
315083
317399
319259
320449
323759
324449
325079
325709
330329
333647
335999
341123
341191
341963
350459
357779
359911
363911
373463
374603
375647
378223
378559
385433
389089
391823
400723
403969
409261
412831
415799
416839
417311
425039
425959
426407
427169
435779
436649
437849
450929
454183
454891
461011
462109
473659
474479
487079
494369
499391
522881
526679
530603
537679
538823
552047
558413
559583
559631
564983
567263
570881
580747
589049
590647
595873
604031
613199
613829
615599
616871
617879
621983
625699
628319
633767
634031
638801
650291
665897
678599
678611
684191
690059
691721
694259
710663
718343
720023
723799
724807
726809
729979
770951
771209
794993
797579
839519
847919
852263
852809
879839
887093
887483
892627
893479
902009
906023
934579
941099
946367
981287
997037
1006037
1011779
1016599
1030619
1033829
1055603
1060981
1077863
1081583
1099097
1106927
1128287
1128899
1128917
1137707
1137733
1139771
1141139
1159337
1183103
1207909
1210351
1240307
1250351
1252151
1261487
1263599
1269971
1290847
1296143
1300639
1334717
1385057
1393559
1406159
1417631
1428209
1441439
1452109
1453759
1467217
1470251
1480937
1484911
1496039
1500277
1503739
1509203
1524953
1544407
1589849
1598999
1600259
1625417
1640231
1646959
1666447
1668449
1671041
1673759
1756499
1761817
1778111
1803647
1829519
1830599
1860479
1873211
1893391
1902757
1904311
1912693
1942481
1942483
1952257
1956239
1956289
2011439
2026639
2046743
2047439
2047919
2103617
2130101
2132699
2153051
2154137
2225999
2265899
2301589
2311819
2356199
2356267
2365901
2366183
2369537
2374751
2411551
2432693
2514599
2536379
2587031
2690431
2693239
2709199
2880629
2986367
3076991
3194549
3361511
3361823
3580919
3615419
3644959
3702757
3752909
3778499
3824939
3835079
3898459
3905879
3949199
4005539
4120829
4123099
4124207
4172479
4195619
4209797
4415069
4478783
4534919
4585433
4646519
4666589
4811197
4871459
5020651
5020669
5026447
5424127
5645951
5712893
5746511
5766919
5821229
5872589
5887751
6149681
6548359
6548447
6561629
6562079
6735667
6745499
6903679
6928349
6942583
6973721
7322531
7339751
7483913
7502879
7697507
7697539
7777951
8104799
8263631
8477783
8487071
8889151
9252517
9660377
9723401
10042031
10123199
10138127
10196803
11430539
11519419
11536799
11555909
11624807
11901599
12122879
12416501
12416539
12808039
12808063
12891839
13077707
13449311
13604299
13662281
13686269
13807991
14019823
14184719
14408117
14782039
14798159
14857559
14857631
14882471
15066371
15079699
15235267
15823079
16064309
16221061
16387433
16463879
18031459
18436697
18889259
19145279
19972259
20109233
20157647
20408849
22740209
23105879
23284799
23527573
23799071
24072047
24504479
24779663
25555841
25555903
27059261
27386911
28419551
28448699
28542539
28652341
28828799
28959659
29339549
29743559
30766319
30952879
31609231
32566819
33061999
33678383
34514531
34514639
35290499
35743553
35870951
36835109
37421999
37999589
38167211
39084361
39226133
40335151
40906711
41411999
42380447
42439679
43177313
43599599
44173709
44858999
44859047
46026917
47654749
49168349
53209727
53836397
57302783
58941497
59249231
59716079
60317399
60829459
60978059
61557299
61557319
62035049
62223617
62283959
63949349
64588607
65523779
66269143
66528461
70126087
70408109
72203039
72806303
76880233
77667857
77918417
78792047
84268799
84268879
85108319
87993023
89080039
90333599
91419943
93213119
94251959
96480731
97249153
98467459
98883991
100485443
104379029
104838089
107370899
113145919
116249759
119071679
119071691
121383767
121769867
123103781
128825423
133610471
143101919
143154703
168140279
171281879
171528293
173512799
174368699
181725647
182839343
183595619
190021259
190161119
190802639
194856479
196848889
202821919
208495853
215414341
215712089
215997599
226420039
241306939
246187831
249059579
256779071
256779109
261689999
262325699
282437279
282437329
294918623
305371919
305843327
306810863
322861247
342151067
360831083
375191263
376311937
394271279
400755599
401374049
409157699
434684879
434878079
447482969
465585119
477326849
479606399
479606441
482720351
510714203
511727087
534340927
554237119
566965943
572407727
572702129
587613311
622362047
681699479
696018287
724748639
732621119
773805059
783484469
798341039
802253381
810209399
818534393
856735739
868895879
974649493
979077299
1014321419
1058079599
1079818739
1125071639
1126936799
1144505669
1173332159
1233434399
1258163393
1259818559
1262718491
1299946751
1342956479
1437836399
1512255887
1576921631
1589789351
1592326079
1603022459
1635190979
1673758943
1721325959
1723314751
1904342399
1975337279
1979817839
2045403359
2046979199
2104454477
2144802659
2292625499
2312794511
2349088559
2350453253
2403259741
2466837689
2495284111
2496334301
2510851199
2539586411
2803640999
2818811423
2824531247
2872207799
2886234119
3093059969
3104737799
3105271619
3198067487
3203481959
3290197711
3549212189
3635275153
3672678239
3692024111
3903379409
4077875759
4316087159
4366474559
4455973399
4548831167
4838700809
4901509799
5020228751
5198729759
5198729771
5276326373
5384017451
5578003423
5615232479
5623834319
5662288939
5709773213
5814107639
5841263999
6065184733
6082046459
6367561199
6399968639
6469184903
6512948639
6578609503
6753929087
7949803679
8180596199
8403595199
8426467319
8437921181
8447102663
8591855611
8769885977
8788197599
8816971799
8939305439
9748761619
10417602719
10860197039
11734633349
12023545571
12164037731
13797869399
14261292719
14571997439
15004120031
15104967107
15120493121
15605151869
15997211999
16200359993
17226289807
18107851607
18184170959
18254543579
18265927679
18291540959
19245545549
19450005119
19574398799
19580593031
20964827519
21042761039
21323749589
21678456799
22849889039
23931552569
24106187951
24151493519
24517425239
26912762579
27301104599
27689920829
28936727819
29904114719
30183516047
30669068429
30882448799
31214587949
32919707011
33440206799
33766673093
35111175007
36391108319
36536179679
36536179747
37811234429
38375508599
39407802719
40713941183
41517526049
41659528049
41755633919
43671054239
45522640799
46205824003
46528896959
48714906287
49784964371
50926075199
51182912689
51419780999
52818436439
55411329749
55700347559
55700347643
56649286979
58724907851
60150823823
61574467499
62971973927
63293342111
65374282943
65667604799
67317713759
67924376519
68820904151
69121110239
69699953663
69897557647
70801973899
76539455101
78323278879
79541820539
81353020319
81644686199
83802057569
85811625899
85862361311
88817208479
90713817809
91799962799
92389779439
95053760423
95486390999
97429812559
103135195799
103486382999
105166728809
110977495199
113323226743
120086274923
120086275007
121841705719
121841705789
126822425729
133743011999
135596001449
146775245399
150191915551
150930703967
152177715359
170667589247
183003627479
187732509119
188285320079
189514921049
190083053159
193819205453
196606650239
201857203439
210876533999
217850747519
233707329659
240114041639
258584382503
283162218767
289202473559
298147964399
360796739519
374323752659
391696909889
408863108429
415782772313
444105170459
444105170549
447928986959
465095030399
479776422599
487290851669
487376695859
501307103879
508238321359
513494538839
532926204553
533094962399
533094962509
536187426389
569422669199
580427296447
583861904911
598365764489
604386099253
609731143579
621152647249
629391578399
630012136841
632760366419
664900740503
699184886399
706401087209
757657288079
759895620119
763769110103
774526123799
821861486207
891266921999
906180238619
948963604679
967765316363
974199814139
977261765399
989166636149
1094855954399
1094855954407
1129551469199
1181565216467
1181565216551
1184976374399
1219270338053
1234632099583
1263931317053
1273204499279
1320777611999
1353586227839
1400390937637
1461923427509
1562577070079
1784564910391
1851621116659
1886620102643
1907207822519
1947296772959
1996656529919
2217712401497
2254121562923
2254121563091
2355202972799
2481072650279
2664631022773
3056611975919
3056611975997
3065946651359
3139419665443
3259586404799
3287165019059
3487367416259
3589730248733
3677640145919
4050164166047
4057105098671
4229192822399
4229192822527
4948083530543
5273481606119
5307869966039
5420127081599
6189665999399
6189665999459
6499798539779
6835258168199
7341393389021
7341393389111
7850754719807
7850754719909
7924844602079
8416106963549
8758701474599
8813418639479
10142156141059
10533913625663
11030154136559
11342299115887
11369852524799
11391646224083
11455486613647
11735166066623
13082496907199
13211158431239
13625272048499
15223156557839
15224131322399
15224131322531
15242245709599
16152724581839
18917856757799
19456601961191
20756012268991
22356188995139
24111584790719
26100357082799
28311852859289
29084564163199
29763651467087
31223204254199
32396573008799
32757924666671
35422880513129
36012667185329
37159656158477
37915528980779
41923584046529
45248662859399
51151982299109
56613601224179
58028332522687
59928208724159
60544996767089
62611974577151
68106014618003
68985721563527
68985721563617
72333264457439
72764369351519
75484801632319
77698507629599
81016686872039
82824269414639
88765467436799
97393026566159
97748431981199
109715482421999
113291945120639
117697109804639
118866947302871
121394634487199
131561409982859
131920639507799
137237416433753
140140586105519
145403540251199
148061569187699
153677061692153
153804397645669
180502038121439
184565905867199
185043987721499
189465120721813
202190625924143
204931588890599
212501936455379
226454404896743
230275681348019
240661435361759
244246813146863
246191259424109
261690969324973
266490089804509
271781336237399
278000862539399
280639527687023
280964499035219
293998302346319
297796772717729
310607241414251
357603796733819
425168835662999
455070402084593
459144095594309
497912021544629
535209095420999
535209095421053
556419168062603
561827484352727
587667386213599
622092459381119
657612580144519
686546018871179
707981981484959
763793637389239
775710874123919
814836890604047
876816773526139
991198775458079
993934545523919
1181505533906891
1198829101377599
1201935485945039
1226902440483719
1526444904472487
1595416625113247
1634552919724507
1735144778283857
1751507060311007
1777366491263999
1935889256281363
1990898340311789
2088735371562839
2109242454553519
2151279174844799
2174250689899283
2230626241720927
2275014384776249
2280965683514279
2308034343652799
2361886376572889
2630450320578079
2774890725266879
2812323272738099
2832702891081599
2955285113067143
3770584033252987
3955287842563679
4728698879608703
4821126348971519
5455512250626239
5476721882486527
5806685973015199
6826053741636527
8209081760265791
8436969818214263
10315942095391799
11367553193018879
13885745461148879
15322186602904679
15324058457995139
15823108261998439
18590122887391439
18874500388128479
19673346519673559
24301281667438687
25562461937597099
26878143149528639
31336568635532159
32885785039646879
35103195406496479
42828015184718399
51198789338024327
70805336964345983
140604136162905887
156923453996995489
164850507224540279
185613356680486607
196510068618383999
282569722962315359
318604659701950751
338293777461365879
405562725038878439
416135599249459091
452674910310189839
507879023377018859
559862537323880969
603731663833039559
920771747522744833
933217845794881919
943944671028276539
1100948726923088399
1120937972271717599
1212740629867057189
1318490989222158023
1647025217538742337
2477407247419570127
2887828691355693539
3126459343552106561
3902170916610408539
5679308124155339519
9563122167602050079
10306494672690696479
12071613134544708359
19630771001378016533
22407477800379431449
31503370897989118127
31709287767552685289
33675811021198068287
36934865749805085323
38169285595379655569
47897427749968026229
49440460256464717481
51976031219595095759
53257165262652125207
58702746725534253887
118657104596029359467
171675159942973313381
183586550880949866311
212077160875542858839
266404018898712878399
533744542925949823999
621137066528329423379
865419606967399662943
891946372825002068383
917296694148965119151
2191437805214168021699
2404010739558345952319
2583547627226344178399
3958934060636138989799
7044262165271772524159
7716612223092506003999
12437981501103248956357
16620194772218133054559
24447020086090655127359
26091611211643180997881
27530002910971756337999
29583747669659384816999
30244428695343029250047
32131937394221057501159
39182865822848096935403
40760661357386147724623
41058131242363826736599
54813208085455917277309
58777344783170038771199
96884118289541543682959
97848425993878482262079
119780471430461312743247
130978824541570139164799
139734936949851676742471
142005169749632998965017
149838695111736715874407
278829050587921200268751
500579509556859236381177
507161320535164890881159
598845076589296133723677
604258330111650642833591
638532753074996346005633
1176830547552265581853019
1544876234449170910223999
1755864958512805743002497
5143166559471911374755119
7043370894092059818354359
52878108662742453332005969
58586229976840234056121507
71224440968308266904225013
196240988348544314098522799
200965281168447269648023639
273487647988343086618701361
1197407817256426909395963671
1816570796959492782060478121
2136733229047209917482678513
2564073712152064304620381991
2731421844769572150295439339
3723869543353281933417392039
4891583101874344239403539359
5304606959655444156636921173
6783596950029625681778797103
7292259006452809202403457979
19152668027574376158099222479
38872604923857393677375726051
56278167411039640451953716509
61983413953782255316084348799
107852211687056336749516238399
116329610554382978618576518079
167262633422539305792311903339
187383360629278695377220403667
234331895141453734308180806399
386861194094874339803082943679
507760855422223733549724280159
970729368410619085461001361431
1452703704546711331633761722879
1956411685785248494105173477839
4643973682767109764442640369279
320493056222800549979564170580287
2153269886137346221320075798722783
2260235823810424723793925559335247
12335237328577099351286551732619993
423910305518044677753264331214099407
6168792090240874235694048645618972383
7136429076084149129040235620251194583
13800932323586567188408638128674510271
21894637102560034992944423587803562199
58199026437406363710902271960727578239
84414453923019053773896689388505882031
100246124290630846442005197970725939263
130365819176972701197516216624659170601
5851180438465691461907398111721387890009
11686572570786389702708841829461723175279
2813108163717124560269338135508358824326439
4071141679520700795234072045175344545481119
4932694183329767137305604582908704651531123
21779177788278305962157131564664383001892863
23111444466303768803073550012425696109190659
176890072242298973455630323719466839450050247
215874649733039657277818273055575000420132827
271192397283041991950169079147349088842822399
662909643884089226374373095903757098079260799
758452859440182008015245435791816940102408651
1742410584399719040877397856028979596930745399
2429551232867547494913567027719724477456844919
2806454319098499049112256524994660856287794573
12627303723776054659147082952132248147459862539
31459813801358949316951811679801813995196122447
19363534458094172341946640509257203234809715886279
93942981319407945423496600393118060913109465095623
429043292862401656483488680144384275341686901402983
7181150639264666565566811753253803489115554958315559
23534169546982043504378364883292568511554130063080499
34242052090360766229398365992751646889811221171273767
37397746801097930176476849849078477634535733051626159
78569749056334446444008115404153164732399799159537311
161717557450718246841918404088146974775978756408421037
3761020138786880181610239191753443966136639076934565339
5996346879231357489277557772307367213458793292759795799
18949252042747888537030082367983219634165079779166049429
93255961798142542813893150363499553340059726121866440663
4876739422322543476165518035283294527904018452324011242751
6199444122992627860560524431956106221026529037447929540479
802467180367431205722676579889990920161258404456829549100155359
16099205564395624863429460950571594446933163122273666506443224127
40833905650672872989900101356751360447617167941569227510855474399
402534603048470620381592484588585043849443973243281804806583804767
387284368802590474069819575279446310092850352657750884052631399059967
101048849122974726901612515842105685585360791463555698363968472762755679
1585583160525765594155271095323343830969103776069533364064216611554137759
404648733563884364186483372887037487406006446476140625664627675784353711359
141472365799518848712104332790322711907408882721899881877460783830729355324039
289660379836372837725864076234173223513785475498985601077564715392258013907223953439
151304754536891425237681069822396408028919027277411379114887287385719970427309947281059
4992377642716305450587078057137911451577828230155655933820882705183625848330690371314239
45265435891877126003486626112013870960131479691371853322498268106351350193481766728434399
4991562942066442580120407121513168775467560035129674296974930793798860399359001377414195159
20619164258670313019827689610093841122949356867594967687490909751838465567200656495108242579
33429105072646326508934059728219499718513654403721577427408994604099691136833162189452738911661759
786658748505181864066644748090720267831484983590389642988353695412703778974225675312575019883058999
370924383388341238891024072755094527302739944969091158327760353647404574005912758322601307667894561599
12607721842569678711170684168189755106489215619942642120992992838074376827943808533920188554759039531799
192912670836730238671652819333984813121808893395977166550606732456868717540831991179364252258098650468479
206631316222351574115621937002545007277606866334630856155849693564738613700931349923503865731206473781999
688225483890167282956393606347378217781791589614184092973715843556515160173190112706647806909275177920999
235754541406008057717959902576234259794697641967051204797301646237017049025218577944172816295225323977589919
4715115140135964994964059685383800688328352807735797939249856577932123794429459279477302462336690742643691199
57214963229583035047486963331306321691063383946083747723866079790433143445741520322085046926003599457819301183
35269526078453589582255517511175429436464691950074952174969099315686798240143454932543084669827161738498966621223054866062567754397577076952574963639026023853508169383079
2361944081811262661581420029993779369004749258112890856900708493649883531810055173157404200152116544006497944823707101618004503106964633107234444169742408558510043346214786314674399
